######### Contrast of companion #######
        real_adi  fake_comp_close_adi  fake_comp_far_adi  fake_disk_close_adi  fake_disk_far_adi
1   2.518605e-06        -2.204961e-06       3.001244e-06        -3.408276e-07       6.863941e-07
2   2.412159e-06         1.727221e-06       2.906994e-06        -3.589202e-07       3.419621e-07
3   2.312261e-06         1.461601e-06       2.773237e-06        -3.288677e-08       2.238339e-07
4   2.211644e-06         9.645359e-07       2.671121e-06         7.288794e-08       1.187465e-07
5   2.093681e-06         8.977505e-07       2.487544e-06         3.589425e-08       9.464434e-08
6   2.023321e-06         7.455793e-07       2.396477e-06        -2.431684e-08       6.552218e-08
7   1.918289e-06         7.020008e-07       2.236815e-06        -1.261422e-08       3.901140e-08
8   1.837635e-06         6.288914e-07       2.111316e-06        -2.587184e-08       4.495279e-08
9   1.790172e-06         5.872666e-07       2.071539e-06        -1.396491e-09       3.845797e-08
10  1.704890e-06         5.957249e-07       1.972333e-06        -2.427163e-08       4.126514e-08
11  1.638340e-06         4.683655e-07       1.914949e-06         4.294340e-08       3.440002e-08
12  1.537600e-06         4.103582e-07       1.714599e-06         6.995496e-08       2.794115e-08
13  1.417622e-06         3.960115e-07       1.606437e-06         7.459485e-08       1.822142e-08
14  1.332612e-06         4.521942e-07       1.527122e-06         5.503552e-08       2.135463e-08
15  1.092745e-06         3.210010e-07       1.295399e-06         6.175785e-08       1.924143e-08
16  9.791092e-07         2.969708e-07       1.173221e-06         1.765560e-08       1.875956e-08
17  8.985785e-07         2.586963e-07       1.071924e-06         1.507130e-08       1.316180e-08
18  7.807699e-07         2.211514e-07       9.405375e-07         5.412501e-08       5.123315e-09
19  6.846256e-07         1.874223e-07       8.345107e-07        -1.219101e-08       5.636974e-09
20  6.325483e-07         2.056154e-07       7.381865e-07         3.635350e-09       2.560116e-09
21  4.722073e-07         6.541904e-08       5.567050e-07         3.425153e-08       1.996513e-09
22  3.488108e-07         5.260918e-08       4.458648e-07         4.221668e-08      -4.423477e-09
23  2.915564e-07         6.976522e-09       3.514505e-07         6.439514e-09      -3.839639e-09
24  2.273437e-07         5.813098e-09       2.648070e-07        -1.724523e-08      -2.969299e-09
25  1.469418e-07        -4.266141e-09       1.632056e-07        -1.879083e-08      -2.039750e-09
26  7.947164e-08         1.150992e-08       8.937633e-08         2.622658e-09      -2.687824e-09
27  4.683667e-08         8.687006e-09       5.036798e-08        -4.826243e-09      -1.336808e-09
28  8.463193e-09         1.839675e-09       7.678111e-09         1.238552e-09       2.236368e-10
29 -9.960976e-22         3.477715e-21       2.347602e-22         1.291243e-21       6.154141e-22
30 -1.010262e-21         4.026778e-21       2.051167e-22         1.389628e-21       6.563832e-22
######### S/N ########
     real_adi  fake_comp_close_adi  fake_comp_far_adi  fake_disk_close_adi  fake_disk_far_adi
1   56.045762            -0.932357          42.427484            -0.407165           2.914113
2   50.507475             2.819065          44.267334            -0.645484           2.412546
3   48.578984             6.478691          44.529389            -0.235298           2.775034
4   48.597963             4.245550          45.266049             0.371469           2.397214
5   47.231740             3.497285          43.423947             0.306122           2.490674
6   45.796034             2.765560          43.535432            -0.247185           2.167508
7   46.876417             2.992252          40.165951            -0.083031           1.630240
8   47.331085             2.828155          41.468866            -0.273057           1.931082
9   46.700428             2.563026          42.488560            -0.079540           1.732430
10  53.091448             2.968858          46.345516            -0.432349           1.976390
11  57.576344             2.563838          49.555277             0.223734           1.846162
12  55.615505             2.405721          45.426883             0.500486           1.776116
13  53.654101             2.459757          44.873280             0.479283           1.390998
14  50.174056             3.303627          45.998608             0.352908           1.683747
15  47.146708             2.298354          41.485106             0.460615           1.607557
16  45.229877             2.774169          40.469836             0.113132           1.724826
17  40.520034             2.533195          37.845327             0.100401           1.426156
18  47.283168             2.502839          41.278487             0.711480           0.827730
19  41.671027             2.160735          38.928836            -0.283704           0.914297
20  47.483458             2.675540          41.333364            -0.028810           0.533172
21  43.672042             1.141777          37.943181             0.698237           0.493746
22  36.285564             1.472957          34.225000             1.116604          -1.096509
23  27.941840             0.297987          27.420887             0.101176          -1.190067
24  32.945071             0.272785          29.192323            -0.500509          -1.064603
25  33.143090            -0.263444          27.872251            -0.664629          -0.699141
26  24.772096             0.594515          22.048094             0.301538          -1.533983
27  17.469332             0.778569          18.995829            -0.361871          -1.095195
28  16.650828             0.246598          11.624062             0.298250           0.490299
29 -17.240880             1.212429           0.621256             0.812373           2.652000
30 -17.544011             1.322900           0.727642             0.829460           2.812335
cost : 0:01:53.985467
###### End of program ######

