######### Contrast of companion #######
     fake_comp_far_3_best_ref  fake_comp_far_5_best_ref  fake_comp_far_7_best_ref  fake_comp_far_9_best_ref  fake_comp_far_11_best_ref
0                    0.000004                  0.000004                  0.000004                  0.000003                   0.000003
5                    0.000004                  0.000004                  0.000004                  0.000002                   0.000002
10                   0.000004                  0.000003                  0.000003                  0.000004                   0.000004
15                   0.000004                  0.000003                  0.000003                  0.000004                   0.000004
20                   0.000004                  0.000003                  0.000003                  0.000004                   0.000004
25                   0.000003                  0.000003                  0.000003                  0.000003                   0.000003
30                   0.000003                  0.000003                  0.000003                  0.000003                   0.000003
35                   0.000003                  0.000003                  0.000003                  0.000003                   0.000003
40                   0.000003                  0.000003                  0.000003                  0.000003                   0.000003
45                   0.000004                  0.000003                  0.000003                  0.000003                   0.000003
50                   0.000004                  0.000003                  0.000003                  0.000003                   0.000003
55                   0.000003                  0.000003                  0.000003                  0.000003                   0.000003
60                   0.000003                  0.000003                  0.000003                  0.000003                   0.000003
65                   0.000003                  0.000003                  0.000003                  0.000003                   0.000003
70                   0.000003                  0.000003                  0.000003                  0.000003                   0.000003
75                   0.000003                  0.000003                  0.000003                  0.000003                   0.000003
80                   0.000003                  0.000003                  0.000003                  0.000003                   0.000003
85                   0.000003                  0.000003                  0.000003                  0.000003                   0.000003
90                   0.000003                  0.000003                  0.000003                  0.000003                   0.000003
95                   0.000003                  0.000003                  0.000003                  0.000003                   0.000003
100                  0.000003                  0.000003                  0.000003                  0.000003                   0.000003
######### S/N ########
     fake_comp_far_3_best_ref  fake_comp_far_5_best_ref  fake_comp_far_7_best_ref  fake_comp_far_9_best_ref  fake_comp_far_11_best_ref
0                   11.727405                 12.622516                 13.647412                 17.040978                  17.041630
5                   10.938454                 10.303216                  8.334889                  5.615956                   5.582219
10                  13.383386                 17.044274                 20.312679                  5.994712                   6.034203
15                  14.142350                 19.919447                 15.322308                  9.505764                   7.535843
20                  14.348900                 19.519103                 18.004322                  7.488297                   7.232760
25                  15.471076                 19.130308                 18.990700                  8.074816                   8.746157
30                  14.536993                 20.401424                 20.338136                  8.122052                   8.535236
35                  15.179623                 20.508197                 22.140373                 12.250387                  15.553481
40                  15.588655                 23.304858                 23.124089                 14.041598                  17.198864
45                  14.970049                 24.129025                 27.912609                 14.566611                  18.416656
50                  14.577595                 25.159536                 28.215814                 15.624385                  22.414806
55                  15.770272                 26.685935                 28.761555                 19.814227                  25.729290
60                  17.187282                 28.693499                 29.825335                 20.792355                  25.618201
65                  17.807161                 30.589941                 31.006880                 22.002019                  25.785310
70                  18.465724                 31.028394                 32.493672                 24.402419                  28.931855
75                  18.340252                 29.433852                 32.696506                 25.435160                  28.867293
80                  19.639905                 27.839320                 33.075126                 26.926440                  30.174975
85                  19.657630                 28.056337                 33.517073                 27.880765                  30.083430
90                  20.023476                 28.774248                 32.450970                 27.528903                  29.895362
95                  20.216105                 27.787778                 33.550927                 27.878694                  30.547789
100                 20.484131                 28.288999                 33.383624                 28.869810                  31.717991
cost : 0:01:37.163498
###### End of program ######

