######### Contrast of companion #######
     fake_disk_close_3_best_ref  fake_disk_close_5_best_ref  fake_disk_close_7_best_ref  fake_disk_close_9_best_ref  fake_disk_close_11_best_ref
0                 -5.771176e-06               -7.892274e-06               -7.963746e-06                2.486675e-05                 2.471005e-05
5                 -2.450519e-06               -1.360625e-06               -3.686991e-06               -1.649611e-05                -1.655932e-05
10                -1.367357e-06               -1.440595e-06               -2.491773e-06               -8.948526e-06                -9.098761e-06
15                -2.109300e-07               -1.914081e-06               -1.737777e-06               -8.162211e-06                -8.125982e-06
20                -9.372819e-07               -1.192202e-06               -9.103004e-07               -2.463627e-06                -2.377250e-06
25                -9.577075e-07               -1.201541e-06               -1.052778e-06               -2.079698e-06                -2.029611e-06
30                -4.362012e-07               -1.213938e-06               -8.929594e-07               -7.915934e-07                -1.047088e-06
35                -2.754630e-07               -1.211003e-06               -9.362225e-07               -2.187405e-06                -2.481304e-06
40                -2.131826e-07               -1.242396e-06               -9.686320e-07               -2.324396e-06                -2.434422e-06
45                -1.683583e-07               -1.089029e-06               -1.008921e-06               -2.064934e-06                -2.131916e-06
50                 9.723233e-08               -1.019675e-06               -8.568893e-07               -2.148370e-06                -2.188577e-06
55                 4.509236e-07               -1.009766e-06               -8.438553e-07               -2.108168e-06                -2.257664e-06
60                 3.375445e-07               -9.735732e-07               -7.798723e-07               -1.970991e-06                -1.977848e-06
65                 4.601579e-07               -9.007623e-07               -8.159711e-07               -1.852071e-06                -1.767628e-06
70                 6.885286e-07               -7.050751e-07               -7.103694e-07               -1.681950e-06                -1.563007e-06
75                 7.723179e-07               -5.484135e-07               -5.937257e-07               -1.704947e-06                -1.252162e-06
80                 9.108768e-07               -5.741327e-07               -4.474000e-07               -2.170610e-06                -1.438037e-06
85                 9.415812e-07               -4.378682e-07               -4.973060e-07               -1.323224e-06                -1.475839e-06
90                 9.534156e-07               -4.264281e-07               -3.150773e-07               -1.061859e-06                -9.349145e-07
95                 1.118035e-06               -3.612487e-07               -1.851907e-07               -1.378003e-06                -6.755691e-07
100                1.035617e-06               -3.347756e-07               -2.367776e-07               -1.560469e-06                -9.968174e-07
######### S/N ########
     fake_disk_close_3_best_ref  fake_disk_close_5_best_ref  fake_disk_close_7_best_ref  fake_disk_close_9_best_ref  fake_disk_close_11_best_ref
0                     -0.952194                   -0.990509                   -1.036144                   -0.792767                    -0.793389
5                     -0.934996                   -1.022077                   -1.302217                   -1.041426                    -1.048066
10                    -0.946908                   -1.349592                   -1.260180                   -1.114885                    -1.114211
15                    -0.414354                   -1.460638                   -2.058858                   -1.442222                    -1.440770
20                    -0.817831                   -1.581003                   -1.589659                   -0.868812                    -0.855397
25                    -0.899639                   -1.393970                   -2.095593                   -0.991786                    -0.996540
30                    -0.642688                   -1.486464                   -2.022206                   -0.902375                    -1.245003
35                    -0.567606                   -1.561607                   -2.039812                   -1.592535                    -1.965766
40                    -0.623862                   -1.579234                   -2.096682                   -1.635770                    -1.936328
45                    -0.641412                   -1.431975                   -2.471564                   -1.397343                    -1.651118
50                    -0.423504                   -1.378243                   -2.144498                   -1.521208                    -1.823002
55                    -0.123810                   -1.384115                   -2.272083                   -1.563610                    -1.904625
60                    -0.255718                   -1.343498                   -2.097985                   -1.501217                    -1.799533
65                    -0.097521                   -1.494486                   -2.182921                   -1.391140                    -1.640059
70                     0.195237                   -1.278641                   -2.148792                   -1.282744                    -1.646176
75                     0.240936                   -1.081907                   -1.859554                   -1.327737                    -1.450793
80                     0.440050                   -1.130783                   -1.547633                   -1.818504                    -1.635456
85                     0.481616                   -1.058129                   -1.586612                   -1.442204                    -1.806732
90                     0.548056                   -1.124533                   -1.322730                   -1.301875                    -1.241136
95                     0.822816                   -1.348253                   -1.197194                   -1.652188                    -0.922744
100                    0.662724                   -1.289853                   -1.254551                   -2.038603                    -1.458656
cost : 0:01:54.612284
###### End of program ######
