######### Contrast of companion #######
     fake_disk_far_3_best_ref  fake_disk_far_5_best_ref  fake_disk_far_7_best_ref  fake_disk_far_9_best_ref  fake_disk_far_11_best_ref
0                1.397213e-06                  0.000001                  0.000001             -1.367480e-06              -1.344856e-06
5                9.597621e-07                  0.000001                  0.000001              4.965291e-07               4.978086e-07
10               1.193829e-06                  0.000001                  0.000001              9.251462e-07               9.353276e-07
15               1.160964e-06                  0.000001                  0.000001              1.642229e-06               1.646856e-06
20               1.169763e-06                  0.000001                  0.000001              1.007992e-06               9.944921e-07
25               1.063673e-06                  0.000001                  0.000001              9.272533e-07               8.714393e-07
30               1.077086e-06                  0.000001                  0.000001              5.287754e-07               5.121884e-07
35               1.064586e-06                  0.000001                  0.000001              6.278561e-07               7.301049e-07
40               1.083352e-06                  0.000001                  0.000001              6.339239e-07               7.201514e-07
45               1.056558e-06                  0.000001                  0.000001              6.230780e-07               7.018849e-07
50               1.049758e-06                  0.000001                  0.000001              6.768053e-07               7.723043e-07
55               1.022428e-06                  0.000001                  0.000001              6.508300e-07               7.828231e-07
60               9.931883e-07                  0.000001                  0.000001              6.359927e-07               7.712537e-07
65               9.787065e-07                  0.000001                  0.000001              6.416148e-07               7.838354e-07
70               9.822840e-07                  0.000001                  0.000001              6.419401e-07               8.592273e-07
75               9.872827e-07                  0.000001                  0.000001              6.560334e-07               8.772212e-07
80               9.714126e-07                  0.000001                  0.000001              6.867850e-07               8.715327e-07
85               9.608651e-07                  0.000001                  0.000001              7.340600e-07               8.979543e-07
90               9.798830e-07                  0.000001                  0.000001              7.603279e-07               8.808482e-07
95               9.696253e-07                  0.000001                  0.000001              7.364098e-07               8.918952e-07
100              9.571023e-07                  0.000001                  0.000001              7.425722e-07               8.757459e-07
######### S/N ########
     fake_disk_far_3_best_ref  fake_disk_far_5_best_ref  fake_disk_far_7_best_ref  fake_disk_far_9_best_ref  fake_disk_far_11_best_ref
0                    2.416286                  2.492394                  2.473043                  1.038444                   1.037546
5                    1.846418                  2.140060                  2.137067                  1.957379                   1.959768
10                   2.182392                  2.163258                  2.374005                  2.506184                   2.496358
15                   2.303703                  2.088582                  2.329677                  2.731781                   2.733769
20                   2.281216                  2.135448                  2.456614                  1.714410                   1.668831
25                   2.288083                  2.280356                  2.483575                  1.657215                   1.547003
30                   2.279236                  2.266979                  2.515768                  1.518937                   1.564727
35                   2.268850                  2.324456                  2.527410                  1.587813                   1.749427
40                   2.268891                  2.392009                  2.524052                  1.605723                   1.740275
45                   2.277942                  2.490418                  2.513818                  1.408121                   1.567801
50                   2.246650                  2.474435                  2.569434                  1.519023                   1.789925
55                   2.237732                  2.459052                  2.580483                  1.751584                   1.963527
60                   2.250522                  2.442896                  2.572966                  1.753227                   1.976892
65                   2.275133                  2.373976                  2.592449                  1.764726                   1.987261
70                   2.266574                  2.382605                  2.577894                  1.758034                   2.047298
75                   2.286771                  2.430034                  2.574382                  1.768434                   2.060133
80                   2.282711                  2.407567                  2.599022                  1.866017                   2.084492
85                   2.270086                  2.427206                  2.607694                  1.968736                   2.114800
90                   2.291848                  2.440326                  2.579972                  2.206556                   2.255117
95                   2.298069                  2.393847                  2.565996                  2.232674                   2.318131
100                  2.305515                  2.393387                  2.586095                  2.250228                   2.358362
cost : 0:01:24.511875
###### End of program ######
