######### Contrast of companion #######
     real_3_best_ref  real_5_best_ref  real_7_best_ref  real_9_best_ref  real_11_best_ref
0           0.000003         0.000003         0.000003         0.000003          0.000003
5           0.000003         0.000003         0.000003         0.000003          0.000003
10          0.000003         0.000003         0.000003         0.000003          0.000003
15          0.000003         0.000003         0.000003         0.000003          0.000003
20          0.000003         0.000003         0.000003         0.000003          0.000003
25          0.000003         0.000003         0.000003         0.000003          0.000003
30          0.000003         0.000003         0.000003         0.000003          0.000003
35          0.000003         0.000003         0.000003         0.000003          0.000003
40          0.000003         0.000003         0.000003         0.000003          0.000003
45          0.000003         0.000003         0.000003         0.000003          0.000003
50          0.000003         0.000003         0.000003         0.000003          0.000003
55          0.000003         0.000003         0.000003         0.000003          0.000003
60          0.000003         0.000003         0.000003         0.000003          0.000003
65          0.000003         0.000003         0.000003         0.000003          0.000003
70          0.000003         0.000003         0.000003         0.000003          0.000003
75          0.000003         0.000003         0.000003         0.000003          0.000003
80          0.000003         0.000003         0.000003         0.000003          0.000003
85          0.000003         0.000003         0.000003         0.000003          0.000003
90          0.000003         0.000003         0.000003         0.000003          0.000003
95          0.000003         0.000003         0.000003         0.000003          0.000003
100         0.000003         0.000003         0.000003         0.000003          0.000003
######### S/N ########
     real_3_best_ref  real_5_best_ref  real_7_best_ref  real_9_best_ref  real_11_best_ref
0          18.026584        17.383470        18.269585        49.598006         49.599793
5          14.274603        14.949987        10.723419         9.994683          9.927472
10         15.347149        24.738443        26.715249         5.742062          5.824618
15         16.764212        26.112013        21.474441        10.443203          6.948236
20         15.778470        26.058113        23.769666         8.388558          8.204181
25         16.916690        25.242743        26.261670        10.940990         13.060645
30         16.358971        26.948993        28.068100        12.120314         11.404666
35         17.057092        27.181692        30.425089        11.241371         13.166364
40         16.629023        27.997859        32.047655        15.333554         17.174549
45         16.176429        28.477093        38.238795        18.590231         22.073748
50         16.238612        28.951761        38.708066        19.243440         24.236084
55         17.137513        30.594425        39.227699        27.584047         28.488369
60         18.377157        32.820393        39.348047        24.203612         25.935756
65         18.796519        35.619015        39.781230        27.235797         25.809666
70         19.473542        36.291424        42.070001        31.388066         27.823168
75         19.316768        35.550911        43.357574        31.006694         28.970417
80         20.634390        35.532472        44.592550        29.648675         28.194425
85         20.864277        34.917906        44.371733        28.862368         30.377829
90         22.015497        34.683858        44.643026        30.355132         30.696330
95         21.236005        34.449627        44.244830        29.333461         29.832068
100        21.418419        35.722018        44.320758        29.303983         30.037194
cost : 0:01:38.173019
###### End of program ######
