######### Contrast of companion #######
     fake_comp_close_3_best_ref  fake_comp_close_5_best_ref  fake_comp_close_7_best_ref  fake_comp_close_9_best_ref  fake_comp_close_11_best_ref
0                 -1.602021e-05               -2.123297e-05                   -0.000021               -3.181363e-05                -3.181363e-05
5                  3.578689e-07               -3.940446e-07                   -0.000004               -3.346309e-05                -3.341043e-05
10                 4.938806e-06                3.900644e-06                    0.000004               -7.744301e-06                -7.930207e-06
15                 5.158772e-06                4.704152e-06                    0.000005               -6.714644e-06                -6.145330e-06
20                 4.552559e-06                4.358018e-06                    0.000005                5.499031e-08                 3.314790e-08
25                 4.361330e-06                4.356745e-06                    0.000005                3.812130e-07                 5.418221e-07
30                 4.178860e-06                4.528275e-06                    0.000005                1.056198e-06                 1.712162e-06
35                 4.072294e-06                4.493323e-06                    0.000005                4.031232e-06                 4.559529e-06
40                 4.177764e-06                4.328708e-06                    0.000005                4.360790e-06                 4.664857e-06
45                 4.181748e-06                4.333007e-06                    0.000005                4.677315e-06                 4.916517e-06
50                 4.131311e-06                4.172681e-06                    0.000005                4.051495e-06                 4.024753e-06
55                 3.972787e-06                3.961309e-06                    0.000005                3.299461e-06                 3.226498e-06
60                 3.711760e-06                4.023980e-06                    0.000004                2.942020e-06                 2.912955e-06
65                 3.503824e-06                4.219684e-06                    0.000004                2.887492e-06                 3.123450e-06
70                 3.774106e-06                4.028055e-06                    0.000004                2.570589e-06                 2.865211e-06
75                 3.741948e-06                3.944013e-06                    0.000004                2.552322e-06                 2.648448e-06
80                 3.748263e-06                3.755902e-06                    0.000004                2.264356e-06                 2.281421e-06
85                 3.487397e-06                3.686461e-06                    0.000004                2.376674e-06                 2.105889e-06
90                 3.344548e-06                3.769694e-06                    0.000004                2.210008e-06                 2.196294e-06
95                 3.273157e-06                3.834127e-06                    0.000004                2.113495e-06                 2.133111e-06
100                3.468828e-06                3.768782e-06                    0.000004                2.081766e-06                 2.175706e-06
######### S/N ########
     fake_comp_close_3_best_ref  fake_comp_close_5_best_ref  fake_comp_close_7_best_ref  fake_comp_close_9_best_ref  fake_comp_close_11_best_ref
0                     -1.166864                   -1.279704                   -1.300203                   -1.350002                    -1.350001
5                      0.053794                   -0.167539                   -0.998337                   -1.606606                    -1.606932
10                     2.975283                    2.227436                    2.463463                   -0.940504                    -0.958977
15                     3.549287                    2.633162                    3.900115                   -1.045333                    -1.035040
20                     3.397521                    3.008116                    4.611499                   -0.011051                    -0.028113
25                     3.704364                    3.165457                    5.032584                    0.153572                     0.211879
30                     3.654788                    3.653057                    5.942848                    0.672562                     1.110634
35                     3.771078                    3.588939                    5.750551                    2.921160                     3.476112
40                     3.897185                    3.584542                    5.628373                    2.949295                     3.288226
45                     3.955787                    3.703723                    5.821922                    2.804838                     3.097162
50                     3.841796                    3.660557                    5.791007                    2.973213                     3.110345
55                     3.679266                    3.574134                    5.923342                    3.307676                     3.217756
60                     3.419876                    3.766491                    5.967080                    3.146146                     3.273642
65                     3.561587                    3.691762                    5.895067                    3.067082                     4.156010
70                     3.752845                    3.644679                    5.821790                    3.302919                     4.165143
75                     3.764516                    3.854826                    6.176064                    3.383186                     4.094876
80                     3.686233                    3.878361                    6.054568                    3.046478                     3.660545
85                     3.491069                    3.798163                    6.065216                    2.816772                     3.172181
90                     3.446172                    3.889626                    6.031510                    3.426560                     3.851534
95                     3.495800                    3.963323                    5.938807                    3.578137                     3.996071
100                    3.763391                    3.949027                    5.949387                    3.466820                     4.135697
cost : 0:01:22.602036
###### End of program ######

