######### Contrast of companion #######
     fake_disk_far_3_best_ref  fake_disk_far_5_best_ref  fake_disk_far_7_best_ref  fake_disk_far_9_best_ref  fake_disk_far_11_best_ref
0                    0.000001              1.543884e-06                  0.000002              1.159650e-06               1.159655e-06
5                    0.000001              1.349421e-06                  0.000001              8.251430e-07               8.223937e-07
10                   0.000001              1.221642e-06                  0.000001              1.959350e-06               1.939327e-06
15                   0.000001              1.094233e-06                  0.000001              1.861425e-06               2.087689e-06
20                   0.000001              1.085743e-06                  0.000001              1.358516e-06               1.297992e-06
25                   0.000001              1.093769e-06                  0.000001              1.150875e-06               1.191908e-06
30                   0.000001              1.062045e-06                  0.000001              8.348698e-07               9.170261e-07
35                   0.000001              1.067846e-06                  0.000001              1.061177e-06               1.186564e-06
40                   0.000001              1.088752e-06                  0.000001              1.080495e-06               1.193576e-06
45                   0.000001              1.062679e-06                  0.000001              1.037548e-06               1.150688e-06
50                   0.000001              1.055282e-06                  0.000001              1.005818e-06               1.133655e-06
55                   0.000001              1.050421e-06                  0.000001              1.043585e-06               1.151330e-06
60                   0.000001              1.053330e-06                  0.000001              1.026591e-06               1.149488e-06
65                   0.000001              9.996550e-07                  0.000001              1.015102e-06               1.130208e-06
70                   0.000001              9.853245e-07                  0.000001              1.006684e-06               1.107028e-06
75                   0.000001              1.023300e-06                  0.000001              1.009587e-06               1.098308e-06
80                   0.000001              1.063156e-06                  0.000001              1.037720e-06               1.119260e-06
85                   0.000001              1.055190e-06                  0.000001              1.071452e-06               1.118082e-06
90                   0.000001              1.040955e-06                  0.000001              1.080955e-06               1.130352e-06
95                   0.000001              1.053849e-06                  0.000001              1.056235e-06               1.105707e-06
100                  0.000001              1.035073e-06                  0.000001              1.061600e-06               1.105207e-06
######### S/N ########
     fake_disk_far_3_best_ref  fake_disk_far_5_best_ref  fake_disk_far_7_best_ref  fake_disk_far_9_best_ref  fake_disk_far_11_best_ref
0                    2.477115                  2.552997                  2.552905                  2.369233                   2.369238
5                    1.908467                  2.149771                  2.077568                  1.446510                   1.440163
10                   2.063411                  2.151162                  2.352040                  2.180857                   2.180788
15                   2.154747                  2.224651                  2.213646                  2.879469                   2.914251
20                   2.126056                  2.201125                  2.385937                  1.784214                   1.702585
25                   2.126971                  2.201333                  2.382973                  1.679715                   1.744722
30                   2.128975                  2.203120                  2.407964                  1.416756                   1.547809
35                   2.207740                  2.223488                  2.472572                  1.964856                   2.235543
40                   2.215393                  2.263095                  2.442478                  2.072895                   2.314146
45                   2.231874                  2.247527                  2.460639                  1.979233                   2.215024
50                   2.189820                  2.248807                  2.493468                  2.041889                   2.414475
55                   2.178815                  2.263530                  2.541572                  2.279232                   2.520455
60                   2.190265                  2.271781                  2.542979                  2.289260                   2.521886
65                   2.207127                  2.208874                  2.516937                  2.295473                   2.491571
70                   2.243306                  2.209672                  2.538418                  2.372633                   2.513391
75                   2.218312                  2.306313                  2.561243                  2.448180                   2.548249
80                   2.228747                  2.394395                  2.552210                  2.561952                   2.648904
85                   2.240726                  2.406782                  2.563326                  2.632603                   2.634098
90                   2.237289                  2.384093                  2.564818                  2.712930                   2.748323
95                   2.243441                  2.388608                  2.561597                  2.699533                   2.729894
100                  2.229387                  2.372344                  2.551728                  2.731323                   2.778877
cost : 0:13:36.959158
###### End of program ######

