######### Contrast of companion #######
     fake_disk_close_3_best_ref  fake_disk_close_5_best_ref  fake_disk_close_7_best_ref  fake_disk_close_9_best_ref  fake_disk_close_11_best_ref
0                 -8.545183e-06                   -0.000012               -1.241531e-05               -1.893997e-05                -1.893997e-05
5                 -2.852988e-06                   -0.000003               -4.222637e-06               -2.072781e-05                -2.074093e-05
10                -1.558499e-06                   -0.000002               -1.965281e-06               -9.686976e-06                -9.877571e-06
15                -9.387649e-07                   -0.000002               -1.221016e-06               -8.572972e-06                -7.818707e-06
20                -1.450648e-06                   -0.000002               -1.231750e-06               -1.848611e-06                -2.027679e-06
25                -1.795757e-06                   -0.000002               -1.342444e-06               -2.234729e-06                -2.820395e-06
30                -1.226617e-06                   -0.000002               -1.206793e-06               -1.192377e-06                -1.296026e-06
35                -1.123915e-06                   -0.000002               -1.145940e-06               -1.587614e-06                -1.715918e-06
40                -9.665518e-07                   -0.000001               -1.107883e-06               -1.950454e-06                -1.897430e-06
45                -8.823256e-07                   -0.000001               -8.844124e-07               -1.836178e-06                -1.808362e-06
50                -1.044545e-06                   -0.000002               -9.311039e-07               -1.678769e-06                -1.644323e-06
55                -6.323032e-07                   -0.000001               -8.986244e-07               -1.172737e-06                -1.190409e-06
60                -6.885885e-07                   -0.000002               -8.972499e-07               -1.236230e-06                -1.151271e-06
65                -7.426135e-07                   -0.000002               -9.332112e-07               -1.105990e-06                -1.095736e-06
70                -5.123775e-07                   -0.000002               -8.549072e-07               -1.075113e-06                -9.800969e-07
75                -4.844538e-07                   -0.000001               -7.631347e-07               -1.063819e-06                -8.540850e-07
80                -3.507138e-07                   -0.000001               -6.532600e-07               -1.076199e-06                -8.031743e-07
85                -3.089461e-07                   -0.000001               -6.799545e-07               -8.324303e-07                -8.774478e-07
90                -2.741893e-07                   -0.000001               -5.249473e-07               -4.576845e-07                -2.807098e-07
95                -2.014576e-07                   -0.000001               -4.041213e-07               -5.319970e-07                -3.129915e-07
100               -2.568664e-07                   -0.000001               -4.579651e-07               -5.563541e-07                -3.533216e-07
######### S/N ########
     fake_disk_close_3_best_ref  fake_disk_close_5_best_ref  fake_disk_close_7_best_ref  fake_disk_close_9_best_ref  fake_disk_close_11_best_ref
0                     -0.812201                   -0.978987                   -1.040044                   -1.085586                    -1.085586
5                     -1.163696                   -1.204824                   -1.220998                   -1.416785                    -1.419725
10                    -0.903247                   -1.120918                   -1.447035                   -1.504708                    -1.527720
15                    -0.568963                   -1.475812                   -1.781374                   -1.500120                    -1.406827
20                    -0.998811                   -1.344514                   -1.873376                   -0.639650                    -0.679135
25                    -1.290556                   -1.468087                   -2.460798                   -0.865853                    -1.079637
30                    -0.942359                   -1.632669                   -2.469972                   -0.593162                    -0.735946
35                    -0.937129                   -1.643689                   -2.418602                   -1.114464                    -1.496087
40                    -0.913457                   -1.368008                   -2.194893                   -1.594533                    -1.904791
45                    -0.864884                   -1.374540                   -2.196591                   -1.569892                    -1.911413
50                    -1.049987                   -1.486057                   -2.279907                   -1.487009                    -1.879901
55                    -0.732315                   -1.351691                   -2.157421                   -1.104107                    -1.410895
60                    -0.863177                   -1.311106                   -2.084562                   -1.307121                    -1.614699
65                    -1.072421                   -1.541867                   -2.253925                   -1.339531                    -1.655790
70                    -0.798506                   -1.520452                   -2.227869                   -1.378389                    -1.530938
75                    -0.783220                   -1.351269                   -1.962264                   -1.490834                    -1.507509
80                    -0.613865                   -1.443768                   -1.677905                   -1.589437                    -1.506457
85                    -0.573231                   -1.448014                   -1.845848                   -1.361116                    -1.645886
90                    -0.548742                   -1.525891                   -1.597329                   -0.910338                    -0.513283
95                    -0.436314                   -1.636766                   -1.287519                   -1.110396                    -0.667442
100                   -0.506803                   -1.613827                   -1.476488                   -1.240714                    -0.780122
cost : 0:01:34.156919
###### End of program ######

