######### Contrast of companion #######
     fake_comp_far_3_best_ref  fake_comp_far_5_best_ref  fake_comp_far_7_best_ref  fake_comp_far_9_best_ref  fake_comp_far_11_best_ref
0                    0.000003                  0.000003                  0.000003                  0.000002                   0.000002
5                    0.000003                  0.000003                  0.000003                  0.000002                   0.000002
10                   0.000003                  0.000003                  0.000004                  0.000003                   0.000003
15                   0.000003                  0.000003                  0.000003                  0.000004                   0.000004
20                   0.000003                  0.000003                  0.000003                  0.000003                   0.000003
25                   0.000003                  0.000003                  0.000003                  0.000003                   0.000003
30                   0.000003                  0.000003                  0.000003                  0.000003                   0.000003
35                   0.000003                  0.000003                  0.000003                  0.000003                   0.000003
40                   0.000003                  0.000003                  0.000003                  0.000003                   0.000003
45                   0.000003                  0.000003                  0.000003                  0.000003                   0.000003
50                   0.000003                  0.000003                  0.000003                  0.000003                   0.000003
55                   0.000003                  0.000003                  0.000003                  0.000003                   0.000003
60                   0.000003                  0.000003                  0.000003                  0.000003                   0.000003
65                   0.000003                  0.000003                  0.000003                  0.000003                   0.000003
70                   0.000003                  0.000003                  0.000003                  0.000003                   0.000003
75                   0.000003                  0.000003                  0.000003                  0.000003                   0.000003
80                   0.000003                  0.000003                  0.000003                  0.000003                   0.000003
85                   0.000003                  0.000003                  0.000003                  0.000003                   0.000003
90                   0.000003                  0.000003                  0.000003                  0.000003                   0.000003
95                   0.000003                  0.000003                  0.000003                  0.000003                   0.000003
100                  0.000003                  0.000003                  0.000003                  0.000003                   0.000003
######### S/N ########
     fake_comp_far_3_best_ref  fake_comp_far_5_best_ref  fake_comp_far_7_best_ref  fake_comp_far_9_best_ref  fake_comp_far_11_best_ref
0                   12.438886                 12.638729                 12.451615                  1.597636                   1.595805
5                    9.222924                  9.438672                  8.522912                  5.673032                   5.699361
10                  17.031781                 24.385620                 13.934671                  7.474736                   7.260161
15                  15.085652                 22.060785                 20.684981                  7.293788                   7.271761
20                  13.505429                 24.353198                 29.918812                  7.503275                   7.357702
25                  14.158371                 22.453412                 31.757277                  8.495380                   8.250630
30                  16.787289                 25.413832                 34.507983                 12.267488                  11.732077
35                  18.080145                 27.171989                 34.122320                 11.541392                  12.018873
40                  19.778448                 34.249140                 34.753569                 11.343130                  12.189258
45                  18.143791                 33.639840                 43.355186                  9.271871                  10.846135
50                  18.556323                 35.157631                 46.198181                 10.960459                  14.354717
55                  20.366786                 33.885740                 45.832385                 14.652491                  17.658827
60                  21.403494                 35.520142                 47.103388                 14.248580                  16.663325
65                  22.491399                 30.668588                 48.202280                 14.242369                  16.595656
70                  24.746986                 29.885985                 47.027360                 13.958671                  15.916508
75                  24.327740                 30.419031                 47.933149                 13.843188                  15.723080
80                  26.102420                 29.448795                 48.464061                 15.256400                  16.259410
85                  25.438008                 27.561046                 49.259758                 15.084784                  14.676754
90                  25.287379                 26.888386                 52.619910                 17.870588                  18.586252
95                  25.412195                 25.154466                 52.328769                 19.804827                  18.839676
100                 25.395283                 24.658123                 53.555329                 19.442225                  19.625048
cost : 0:01:59.551593
###### End of program ######

