######### Contrast of companion #######
     fake_comp_close_3_best_ref  fake_comp_close_5_best_ref  fake_comp_close_7_best_ref  fake_comp_close_9_best_ref  fake_comp_close_11_best_ref
0                     -0.000016               -2.026018e-05                   -0.000020                2.814522e-05                 2.791352e-05
5                     -0.000006               -4.517129e-06                   -0.000008               -3.968038e-05                -3.958281e-05
10                     0.000002                3.306306e-09                   -0.000003               -1.560174e-05                -1.575571e-05
15                     0.000001                3.896578e-07                    0.000003               -1.078166e-05                -1.068396e-05
20                     0.000001                8.298169e-07                    0.000003               -9.578786e-07                -1.303434e-06
25                     0.000002                1.359209e-06                    0.000003               -1.852319e-06                -2.181991e-06
30                     0.000002                1.554369e-06                    0.000003                2.318309e-08                 6.295488e-07
35                     0.000002                1.555007e-06                    0.000003                2.508487e-06                 2.246708e-06
40                     0.000002                1.498130e-06                    0.000003                2.153184e-06                 2.270653e-06
45                     0.000002                1.942876e-06                    0.000003                2.219352e-06                 2.255146e-06
50                     0.000002                2.148857e-06                    0.000003                2.059471e-06                 2.107917e-06
55                     0.000002                2.156675e-06                    0.000003                2.076480e-06                 2.193074e-06
60                     0.000002                2.071549e-06                    0.000003                1.312251e-06                 1.310814e-06
65                     0.000002                2.417854e-06                    0.000003                1.555267e-06                 1.673850e-06
70                     0.000002                2.479007e-06                    0.000003                8.284980e-07                 9.912799e-07
75                     0.000002                2.540752e-06                    0.000003                8.711175e-07                 9.660444e-07
80                     0.000002                2.409673e-06                    0.000003                3.426472e-08                 4.311324e-07
85                     0.000002                2.434217e-06                    0.000003                4.138619e-07                 5.802503e-07
90                     0.000002                2.541289e-06                    0.000003                1.317010e-06                 1.322981e-06
95                     0.000002                2.412526e-06                    0.000003                1.359314e-06                 1.261313e-06
100                    0.000002                2.185752e-06                    0.000003                1.561996e-06                 1.463663e-06
######### S/N ########
     fake_comp_close_3_best_ref  fake_comp_close_5_best_ref  fake_comp_close_7_best_ref  fake_comp_close_9_best_ref  fake_comp_close_11_best_ref
0                     -1.308493                   -1.371514                   -1.392907                   -1.225013                    -1.225928
5                     -0.468989                   -0.506348                   -0.926108                   -1.677367                    -1.677754
10                     1.819177                    0.698096                    0.100696                   -1.071394                    -1.072062
15                     1.943856                    1.163078                    3.074149                   -1.085796                    -1.077220
20                     2.489720                    1.707908                    3.595461                    0.246167                     0.151812
25                     2.254969                    2.157561                    3.978392                   -0.099617                    -0.251417
30                     2.694656                    2.506209                    4.592561                    0.595032                     0.944147
35                     2.407801                    2.417555                    4.465785                    2.337693                     2.772906
40                     2.472400                    2.546470                    4.215568                    2.450256                     2.744560
45                     2.373557                    3.308906                    4.769145                    2.356607                     2.577105
50                     2.419855                    3.396902                    4.839029                    2.651224                     2.777606
55                     2.290347                    3.365409                    4.933123                    2.720544                     2.771092
60                     2.306994                    3.282221                    4.701086                    2.397436                     2.323904
65                     2.161496                    3.358758                    4.684921                    2.626387                     2.885355
70                     2.237351                    3.335880                    4.446264                    2.047488                     2.719079
75                     2.368246                    3.348487                    4.868595                    2.037398                     2.889165
80                     2.326254                    3.426278                    4.827710                    1.128809                     1.996238
85                     2.376593                    3.459863                    4.939616                    1.233595                     1.896336
90                     2.195687                    3.443298                    4.606048                    2.437888                     2.671973
95                     2.237249                    3.477454                    4.453066                    2.318374                     3.026829
100                    2.334314                    3.276816                    4.442324                    3.010915                     3.383131
cost : 0:01:50.858003
###### End of program ######

