######### Contrast of companion #######
     real_3_best_ref  real_5_best_ref  real_7_best_ref  real_9_best_ref  real_11_best_ref
0           0.000003         0.000003         0.000003     3.542542e-08      6.346343e-08
5           0.000003         0.000003         0.000003     2.402923e-06      2.410949e-06
10          0.000003         0.000003         0.000003     2.562843e-06      2.555050e-06
15          0.000003         0.000003         0.000003     2.262556e-06      2.260689e-06
20          0.000003         0.000003         0.000003     2.305311e-06      2.322909e-06
25          0.000003         0.000003         0.000003     2.286951e-06      2.330422e-06
30          0.000003         0.000003         0.000003     2.321434e-06      2.287383e-06
35          0.000003         0.000003         0.000003     2.323397e-06      2.281483e-06
40          0.000003         0.000003         0.000003     2.309830e-06      2.291321e-06
45          0.000003         0.000003         0.000003     2.373099e-06      2.352417e-06
50          0.000003         0.000003         0.000003     2.459206e-06      2.445111e-06
55          0.000003         0.000003         0.000003     2.540552e-06      2.495010e-06
60          0.000003         0.000003         0.000003     2.508908e-06      2.450519e-06
65          0.000003         0.000003         0.000003     2.519021e-06      2.455627e-06
70          0.000003         0.000003         0.000003     2.515922e-06      2.451410e-06
75          0.000003         0.000003         0.000003     2.496928e-06      2.446204e-06
80          0.000003         0.000003         0.000003     2.511007e-06      2.442643e-06
85          0.000003         0.000003         0.000003     2.531114e-06      2.458950e-06
90          0.000003         0.000003         0.000003     2.610247e-06      2.547277e-06
95          0.000003         0.000003         0.000003     2.601463e-06      2.536119e-06
100         0.000003         0.000003         0.000003     2.576152e-06      2.530532e-06
######### S/N ########
     real_3_best_ref  real_5_best_ref  real_7_best_ref  real_9_best_ref  real_11_best_ref
0          19.079347        17.510345        16.622588         1.962055          1.959936
5          12.161424        14.081597        11.418678         5.796670          5.832776
10         17.869020        30.289495        20.081911         9.010106          8.580508
15         15.864216        28.606352        29.615858         6.538525          6.537835
20         13.533623        27.431006        41.092905         5.358519          5.221079
25         14.151202        28.257051        44.543035         5.964459          5.788751
30         16.806610        31.134575        44.766585        10.290915         10.786230
35         17.687528        34.640153        44.729827        11.315782         10.924300
40         18.819313        42.475090        46.034465        11.314967         11.165825
45         17.572220        42.405512        50.990582         8.913998          9.285240
50         18.409618        42.664894        51.784613        10.113922         10.689704
55         18.921142        40.940818        48.341321        14.181097         12.727581
60         20.079501        41.221341        46.437005        13.645987         12.205450
65         20.505732        37.477003        48.604145        13.685790         12.228781
70         22.679112        37.670956        48.632304        14.159612         12.541626
75         22.976101        39.778007        49.673291        13.783201         12.880334
80         22.940336        39.623724        51.189596        13.582208         12.304960
85         22.637045        37.477806        49.586752        16.387288         13.745001
90         25.023001        35.834648        46.915614        23.009323         17.042345
95         23.400778        31.767396        45.618837        24.604174         17.871276
100        23.316426        30.828634        46.418271        25.617899         19.451885
cost : 0:02:00.299652
###### End of program ######

